11111111111111111111111111111111111111111111111111
10000000000000110000000011000000001100000000000000
10000000000000110000000011000000001100000000000000
10000000000000110000000011000000001100000000000000
10000000000000110000000011000000001100000000000000
11111100001000111111100011000110001111111111100001
10000100001000000001100000000110000000000000000001
10000100001000000001100000000110000000000000000001
10000100001000000001100000000110000000000000000001
10000100001000000001100000000110000000000000000001
10000100001111110001100011111111111111110000111111
10000100000000110000000011000000001100000000100001
10000100000000110000000011000000001100000000100001
10000100000000110000000011000000001100000000100001
10000111111000111111111111000011111111111111100001
10000111111000011111111111000111111111111111100001
10000000001000000000000011000110000000011000000001
10000000001000000000000011000110000000011000000001
10000000001000000000000011000110000000011000000001
10000111111111110000111111000110000000011111100001
10000111111111110001111111000110001100011111100001
10000100000000000001100000000110001100000000000001
10000100000000000001100000000110001100000000000001
10000100000000000001100000000110001100000000000001
10000100001111111111100011111110001100010000111111
10000100001111111111100011111100001100011000111111
10000100000000110001100000000000001100011000100001
10000100000000110001100000000000001100011000100001
10000100000000110001100000000000001100011000100001
10000111111000110001111111000111111100011000100001
10000111111000010000111110000011111000011000100001
10000000000000000000000000000000000000011000100001
10000000000000000000000000000000000000011000100001
10000000000000000000000000000000000000011000100001
11111111111000010000111111000111111111111000100001
11111111111000110001111111000111111111110000100001
10000000000000110001100011000110000000000000000001
10000000000000110001100011000110000000000000000001
10000000000000110001100011000110000000000000000001
10000111111000110001100011000110001100011111111111
10000111110000000001100000000000001100011111111111
10000100000000000001100000000000001100011000000001
10000100000000000001100000000000001100011000000001
10000100000000000001100000000000001100011000000001
10001111111111110001100011111110001111111000100001
00000000000000000000000000000110000000000000100001
00000000000000000000000000000110000000000000100001
00000000000000000000000000000110000000000000100001
00000000000000000000000000000110000000000000100001
11111111111111111111111111111111111111111111111111